
Resp charges for organic molecule                                               

iqopt   irstrnt  ihfree     qwt
  2      1      1        0.001000

 rel.rms   dipole mom       Qxx      Qyy      Qzz
    0.02410   9.89320  80.75620 -18.92700 -61.82920

          Point charges before & after optimization
    NO   At.No.    q0           q(opt)   IVARY  d(rstr)/dq 
     1     6   0.545870       0.545870  -99    0.001802
     2     7  -0.662589      -0.662589  -99    0.001492
     3     6   0.302938       0.302938  -99    0.003135
     4     6   0.102554       0.102554  -99    0.006981
     5     6   0.249788       0.249788  -99    0.003717
     6     6   0.233249       0.233249  -99    0.003940
     7     6   0.038251       0.038251  -99    0.009340
     8     6  -0.353486      -0.377766    0    0.002559
     9     8  -0.516746      -0.516746  -99    0.001900
    10     6   0.574496       0.574496  -99    0.001715
    11     8  -0.550355      -0.550355  -99    0.001788
    12     6   0.511669       0.511669  -99    0.001918
    13     7  -1.134044      -1.134044  -99    0.000878
    14     6  -0.194657      -0.160427    0    0.005290
    15     6  -0.235296      -0.262121    0    0.003565
    16    16   0.326777       0.326777  -99    0.002926
    17     6  -0.444220      -0.424469    0    0.002293
    18     8  -0.401553      -0.401553  -99    0.002417
    19     8  -0.680567      -0.680567  -99    0.001454
    20     8  -0.696127      -0.696127  -99    0.001422
    21     7  -0.006512      -0.006512  -99    0.009979
    22     6   0.202024       0.202024  -99    0.004436
    23     7  -0.556031      -0.556031  -99    0.001770
    24     6  -0.006312      -0.006312  -99    0.009980
    25     7  -0.775434      -0.775434  -99    0.001279
    26     6   0.850322       0.850322  -99    0.001168
    27     7  -1.015719      -1.015719  -99    0.000980
    28     1   0.054624       0.054624  -99    0.000000
    29     1   0.102344       0.102344  -99    0.000000
    30     1   0.127080       0.127080  -99    0.000000
    31     1   0.107187       0.107187  -99    0.000000
    32     1   0.132500       0.132500  -99    0.000000
    33     1   0.101588       0.186305    0    0.000000
    34     1   0.250150       0.186305   33    0.000000
    35     1   0.403568       0.403568  -99    0.000000
    36     1   0.008863       0.008863  -99    0.000000
    37     1   0.425970       0.425970  -99    0.000000
    38     1   0.425970       0.425970  -99    0.000000
    39     1   0.147739       0.104753    0    0.000000
    40     1   0.107661       0.104753   39    0.000000
    41     1   0.183237       0.161967    0    0.000000
    42     1   0.111941       0.161967   41    0.000000
    43     1   0.218012       0.205611    0    0.000000
    44     1   0.209822       0.205611   43    0.000000
    45     1   0.195608       0.205611   43    0.000000
    46     1   0.455747       0.455747  -99    0.000000
    47     1   0.460995       0.460995  -99    0.000000
    48     1   0.145934       0.145934  -99    0.000000
    49     1   0.457584       0.457584  -99    0.000000
    50     1   0.457584       0.457584  -99    0.000000

        Statistics of the fitting:
  The initial sum of squares (ssvpot)                    101.642
  The residual sum of squares (chipot)                     0.059
  The std err of estimate (sqrt(chipot/N))               0.00227
  ESP relative RMS (SQRT(chipot/ssvpot))                 0.02410

 Dipole Moment (Debye)=   9.89320
