
Resp charges for organic molecule                                               

iqopt   irstrnt  ihfree     qwt
  2      1      1        0.001000

 rel.rms   dipole mom       Qxx      Qyy      Qzz
    0.09318   2.85075-143.34057  90.86756  52.47302

          Point charges before & after optimization
    NO   At.No.    q0           q(opt)   IVARY  d(rstr)/dq 
     1     7  -1.003613      -1.003613  -99    0.000991
     2     6   0.022622       0.022622  -99    0.009754
     3     6  -0.159596      -0.154419    0    0.005436
     4     6   0.099748       0.080783    0    0.007778
     5    16  -0.353288      -0.353288  -99    0.002724
     6     6   0.852992       0.852992  -99    0.001164
     7     8  -0.551460      -0.551460  -99    0.001784
     8     8  -0.647176      -0.647176  -99    0.001527
     9     6  -0.396876      -0.384846    0    0.002515
    10     6   0.483136       0.483136  -99    0.002027
    11     8  -0.603086      -0.603086  -99    0.001636
    12     6   0.209655       0.209655  -99    0.004305
    13     8  -0.775183      -0.775183  -99    0.001279
    14     6   0.228813       0.228813  -99    0.004005
    15     8  -0.697483      -0.697483  -99    0.001419
    16     6   0.286807       0.286807  -99    0.003292
    17     7  -0.084758      -0.084758  -99    0.007628
    18     6   0.223495       0.223495  -99    0.004084
    19     7  -0.573472      -0.573472  -99    0.001718
    20     6  -0.089406      -0.089406  -99    0.007455
    21     6   0.828522       0.828522  -99    0.001198
    22     7  -0.969267      -0.969267  -99    0.001026
    23     7  -0.832721      -0.832721  -99    0.001192
    24     6   0.660639       0.660639  -99    0.001497
    25     7  -0.807063      -0.807063  -99    0.001230
    26     6   0.486462       0.486462  -99    0.002014
    27     1   0.397423       0.397423  -99    0.000000
    28     1   0.397423       0.397423  -99    0.000000
    29     1   0.096463       0.096463  -99    0.000000
    30     1   0.069343       0.087544    0    0.000000
    31     1   0.105137       0.087544   30    0.000000
    32     1   0.073206       0.068314    0    0.000000
    33     1   0.055526       0.068314   32    0.000000
    34     1   0.419967       0.419967  -99    0.000000
    35     1   0.125619       0.158761    0    0.000000
    36     1   0.198649       0.158761   35    0.000000
    37     1   0.043921       0.043921  -99    0.000000
    38     1   0.029365       0.029365  -99    0.000000
    39     1   0.483857       0.483857  -99    0.000000
    40     1   0.064658       0.064658  -99    0.000000
    41     1   0.474944       0.474944  -99    0.000000
    42     1   0.106875       0.106875  -99    0.000000
    43     1   0.122596       0.122596  -99    0.000000
    44     1   0.424357       0.424357  -99    0.000000
    45     1   0.424357       0.424357  -99    0.000000
    46     1   0.047870       0.047870  -99    0.000000

        Statistics of the fitting:
  The initial sum of squares (ssvpot)                      5.787
  The residual sum of squares (chipot)                     0.050
  The std err of estimate (sqrt(chipot/N))               0.00205
  ESP relative RMS (SQRT(chipot/ssvpot))                 0.09318

 Dipole Moment (Debye)=   2.85075
