
Resp charges for organic molecule                                               

iqopt   irstrnt  ihfree     qwt
  2      1      1        0.001000

 rel.rms   dipole mom       Qxx      Qyy      Qzz
    0.02254   8.30382  99.98214  -1.04755 -98.93459

          Point charges before & after optimization
    NO   At.No.    q0           q(opt)   IVARY  d(rstr)/dq 
     1     7  -1.163933      -1.163933  -99    0.000856
     2     6   0.469094       0.469094  -99    0.002085
     3     6   0.541797       0.541797  -99    0.001815
     4     8  -0.498174      -0.498174  -99    0.001968
     5     8  -0.543737      -0.543737  -99    0.001809
     6     6  -0.047764      -0.002233    0    0.009998
     7     6  -0.055170      -0.098228    0    0.007134
     8    16   0.237161       0.237161  -99    0.003885
     9     6  -0.369485      -0.199595    0    0.004479
    10     6  -0.235122      -0.279928    0    0.003364
    11     6   0.102201       0.102201  -99    0.006994
    12     8  -0.403836      -0.403836  -99    0.002404
    13     6   0.148214       0.148214  -99    0.005593
    14     8  -0.658908      -0.658908  -99    0.001500
    15     6   0.329518       0.329518  -99    0.002904
    16     8  -0.691726      -0.691726  -99    0.001431
    17     6   0.057756       0.057756  -99    0.008659
    18     7  -0.054034      -0.054034  -99    0.008798
    19     6   0.244122       0.244122  -99    0.003791
    20     7  -0.570687      -0.570687  -99    0.001726
    21     6  -0.007513      -0.007513  -99    0.009972
    22     6   0.881790       0.881790  -99    0.001127
    23     7  -1.035346      -1.035346  -99    0.000961
    24     7  -0.788421      -0.788421  -99    0.001258
    25     6   0.508902       0.508902  -99    0.001928
    26     7  -0.623266      -0.623266  -99    0.001584
    27     6   0.305268       0.305268  -99    0.003113
    28     1   0.437438       0.437438  -99    0.000000
    29     1   0.437438       0.437438  -99    0.000000
    30     1   0.009915       0.009915  -99    0.000000
    31     1   0.409699       0.409699  -99    0.000000
    32     1   0.060756       0.046538    0    0.000000
    33     1   0.069347       0.046538   32    0.000000
    34     1   0.078766       0.102379    0    0.000000
    35     1   0.106707       0.102379   34    0.000000
    36     1   0.214233       0.144078    0    0.000000
    37     1   0.151998       0.144078   36    0.000000
    38     1   0.197784       0.144078   36    0.000000
    39     1   0.142454       0.137723    0    0.000000
    40     1   0.111029       0.137723   39    0.000000
    41     1   0.125164       0.125164  -99    0.000000
    42     1   0.112278       0.112278  -99    0.000000
    43     1   0.447899       0.447899  -99    0.000000
    44     1   0.082430       0.082430  -99    0.000000
    45     1   0.453683       0.453683  -99    0.000000
    46     1   0.118432       0.118432  -99    0.000000
    47     1   0.139805       0.139805  -99    0.000000
    48     1   0.464146       0.464146  -99    0.000000
    49     1   0.464146       0.464146  -99    0.000000
    50     1   0.085754       0.085754  -99    0.000000

        Statistics of the fitting:
  The initial sum of squares (ssvpot)                    102.310
  The residual sum of squares (chipot)                     0.052
  The std err of estimate (sqrt(chipot/N))               0.00213
  ESP relative RMS (SQRT(chipot/ssvpot))                 0.02254

 Dipole Moment (Debye)=   8.30382
